0 42
1 30
2 46
3 50
4 49
5 43
6 48
7 52
8 50
9 50
10 51
11 52
12 70
13 65
14 64
15 69
16 71
17 72
18 74
19 75
20 77
21 79
22 80
23 83
24 83
25 86
26 85
27 85
28 88
29 90
30 81
31 84
32 94
33 92
34 87
35 91
36 87
37 93
38 108
39 91
40 93
41 93
42 94
43 99
44 97
45 100
46 101
47 100
48 98
49 101
50 102
51 105
52 102
53 132
54 108
55 109
56 106
57 105
58 112
59 113
60 111
61 109
62 115
63 116
64 140
65 113
66 119
67 120
68 122
69 119
70 123
71 123
72 126
73 123
74 127
75 130
76 129
77 127
78 130
79 134
80 141
81 130
82 138
83 135
84 139
85 134
86 138
87 140
88 144
89 139
90 142
91 142
92 146
93 169
94 148
95 142
96 143
97 145
98 144
99 147
100 147
101 148
102 147
103 146
104 146
105 163
106 144
107 145
108 163
109 163
110 163
111 161
112 143
113 147
114 147
115 144
116 145
117 143
118 142
119 147
120 147
121 165
122 164
123 163
124 165
125 146
126 146
127 148
128 146
129 147
130 164
131 163
132 162
133 161
134 146
135 146
136 147
137 147
138 147
139 165
140 165
141 163
142 161
143 147
144 147
145 146
146 148
147 147
148 168
149 164
150 162
151 161
152 147
153 146
154 147
155 146
156 147
157 163
158 163
159 159
160 161
161 147
162 146
163 147
164 146
165 147
166 165
167 163
168 161
169 162
170 147
171 148
172 147
173 146
174 147
175 164
176 163
177 162
178 163
179 147
180 147
181 148
182 144
183 143
184 165
185 164
186 160
187 162
188 147
189 147
190 146
191 147
192 147
193 163
194 164
195 160
196 162
197 146
198 145
199 147
200 146
201 145
202 147
203 142
204 147
205 147
206 147
207 144
208 143
209 143
210 163
211 162
212 160
213 163
214 163
215 161
216 147
217 144
218 143
219 147
220 148
221 147
222 146
223 147
224 147
225 143
226 143
227 161
228 162
229 162
230 160
231 147
232 147
233 147
234 146
235 146
236 162
237 162
238 160
239 163
240 146
241 147
242 145
243 147
244 142
245 162
246 165
247 164
248 163
249 147
250 145
251 144
252 145
253 143
254 143
255 143
256 162
257 168
258 160
259 162
260 143
261 147
262 143
263 147
264 146
265 165
266 165
267 166
268 163
269 147
270 146
271 146
272 147
273 147
274 163
275 163
276 161
277 164
278 147
279 147
280 147
281 147
282 146
283 165
284 163
285 159
286 162
287 146
288 146
289 144
290 146
291 147
292 164
293 164
294 160
295 162
296 146
297 146
298 142
299 147
300 147
301 164
302 164
303 161
304 164
305 144
306 147
307 143
308 148
309 147
310 164
311 163
312 161
313 160
314 146
315 147
316 147
317 146
318 147
319 163
320 163
321 161
322 162
323 147
324 147
325 147
326 147
327 147
328 164
329 165
330 162
331 161
332 146
333 145
334 143
335 148
336 147
337 164
338 165
339 161
340 164
341 149
342 147
343 145
344 147
345 148
346 163
347 165
348 162
349 162
350 147
351 144
352 144
353 144
354 142
355 143
356 145
357 144
358 147
359 145
360 147
361 143
362 149
363 162
364 160
365 165
366 165
367 163
368 166
369 147
370 146
371 144
372 143
373 144
374 145
375 145
376 144
377 147
378 145
379 147
380 164
381 165
382 161
383 163
384 148
385 147
386 144
387 146
388 148
389 163
390 164
391 165
392 162
393 148
394 146
395 143
396 147
397 147
398 161
399 147
400 143
401 147
402 146
403 162
404 162
405 165
406 165
407 147
408 146
409 147
410 147
411 145
412 163
413 162
414 163
415 162
416 147
417 147
418 142
419 148
420 146
421 162
422 163
423 166
424 165
425 147
426 146
427 148
428 147
429 147
430 161
431 162
432 163
433 163
434 143
435 144
436 144
437 146
438 143
439 162
440 162
441 161
442 163
443 144
444 143
445 143
446 143
447 143
448 163
449 160
450 163
451 165
452 143
453 144
454 146
455 143
456 143
457 163
458 162
459 163
460 165
461 146
462 147
463 147
464 146
465 147
466 161
467 161
468 165
469 164
470 146
471 147
472 148
473 152
474 159
475 142
476 143
477 160
478 162
479 161
480 160
481 159
482 160
483 165
484 162
485 160
486 162
487 162
488 163
489 163
490 160
491 160
492 160
493 162
494 156
495 162
496 166
497 163
498 160
499 172
500 162
